hints = 1
Maintaining 16 concurrent writes of 4194304 bytes to objects of size 4194304 for up to 60 seconds or 0 objects
Object prefix: benchmark_data_node4.okd.sudops.pl_4907
  sec Cur ops   started  finished  avg MB/s  cur MB/s last lat(s)  avg lat(s)
    0       0         0         0         0         0           -           0
    1      16       204       188   751.913       752   0.0608686   0.0812961
    2      16       414       398   795.918       840    0.070947   0.0788434
    3      16       430       414   551.948        64    0.568752   0.0983318
    4      16       462       446   445.954       128     0.64453    0.136358
    5      16       478       462   369.563        64    0.559562    0.150906
    6      16       493       477   317.968        60     1.28979    0.186398
    7      16       506       490   279.972        52     1.02176    0.210096
    8      16       521       505   252.474        60     1.09657    0.239419
    9      16       537       521   231.531        64    0.780319    0.261109
   10      16       553       537   214.776        64     1.01189    0.284579
   11      16       553       537   195.251         0           -    0.284579
   12      16       580       564   187.979        54    0.952583    0.339468
   13      16       580       564   173.519         0           -    0.339468
   14      16       596       580   165.696        32      1.2456    0.364944
   15      16       612       596   158.916        64     1.47315    0.392389
   16      16       613       597   149.234         4     1.12617    0.393618
   17      16       629       613    144.22        64    0.379877    0.420433
   18      16       645       629   139.763        64    0.973992     0.43446
   19      16       661       645   135.775        64     1.91842    0.450429
2026-05-21T16:45:24.284938+0000 min lat: 0.030351 max lat: 2.36676 avg lat: 0.46085
  sec Cur ops   started  finished  avg MB/s  cur MB/s last lat(s)  avg lat(s)
   20      16       676       660   131.986        60    0.907399     0.46085
   21      16       692       676   128.748        64     1.02014    0.473962
   22      16       708       692   125.804        64     1.00923    0.486343
   23      16       724       708   123.117        64     1.08733    0.499729
   24      16       740       724   120.654        64     1.47574    0.521345
   25      16       740       724   115.828         0           -    0.521345
   26      16       756       740   113.834        32     1.64849    0.545666
   27      16       756       740   109.618         0           -    0.545666
   28      16       770       754   107.703        28     1.88081    0.570423
   29      16       772       756   104.265         8     3.46135     0.57807
   30      16       783       767   102.255        44     2.66878    0.608043
   31      16       783       767    98.957         0           -    0.608043
   32      16       783       767   95.8647         0           -    0.608043
   33      16       799       783    94.899   21.3333     2.99406    0.664943
   34      16       799       783   92.1079         0           -    0.664943
   35      16       815       799   91.3046        32     1.96739    0.695524
   36      16       815       799   88.7684         0           -    0.695524
   37      16       815       799   86.3693         0           -    0.695524
   38      16       831       815   85.7805   21.3333     2.65114    0.733729
   39      16       831       815    83.581         0           -    0.733729
2026-05-21T16:45:44.286992+0000 min lat: 0.030351 max lat: 4.90369 avg lat: 0.733729
  sec Cur ops   started  finished  avg MB/s  cur MB/s last lat(s)  avg lat(s)
   40      16       831       815   81.4915         0           -    0.733729
   41      16       847       831   81.0647   21.3333     3.53279    0.787532
   42      16       847       831   79.1347         0           -    0.787532
   43      16       847       831   77.2944         0           -    0.787532
   44      16       847       831   75.5377         0           -    0.787532
   45      16       863       847   75.2812        16     3.22247    0.833521
   46      16       863       847   73.6447         0           -    0.833521
   47      16      1018      1002   85.2679       310    0.113307    0.749742
   48      16      1231      1215    101.24       852   0.0614915    0.631473
   49      16      1294      1278   104.316       252     0.11701    0.606449
   50      16      1310      1294    103.51        64      1.0004    0.611354
   51      16      1326      1310   102.735        64     1.03091    0.616425
   52      16      1342      1326    101.99        64     1.07666    0.621969
   53      16      1342      1326   100.066         0           -    0.621969
   54      16      1358      1342   99.3975        32     2.16044    0.640301
   55      16      1358      1342   97.5904         0           -    0.640301
   56      16      1372      1356   96.8476        28     2.22394    0.656655
   57      16      1372      1356   95.1486         0           -    0.656655
   58      16      1388      1372   94.6115        32     1.92269    0.674618
   59      16      1388      1372   93.0079         0           -    0.674618
2026-05-21T16:46:04.288663+0000 min lat: 0.0199166 max lat: 4.90369 avg lat: 0.674618
  sec Cur ops   started  finished  avg MB/s  cur MB/s last lat(s)  avg lat(s)
   60      16      1388      1372   91.4578         0           -    0.674618
Total time run:         60.0369
Total writes made:      1388
Write size:             4194304
Object size:            4194304
Bandwidth (MB/sec):     92.4765
Stddev Bandwidth:       178.885
Max bandwidth (MB/sec): 852
Min bandwidth (MB/sec): 0
Average IOPS:           23
Stddev IOPS:            44.717
Max IOPS:               213
Min IOPS:               0
Average Latency(s):     0.691986
Stddev Latency(s):      0.899874
Max latency(s):         4.90369
Min latency(s):         0.0199166
