hints = 1
Maintaining 16 concurrent writes of 4194304 bytes to objects of size 4194304 for up to 60 seconds or 0 objects
Object prefix: benchmark_data_node4.okd.sudops.pl_5192
  sec Cur ops   started  finished  avg MB/s  cur MB/s last lat(s)  avg lat(s)
    0       0         0         0         0         0           -           0
    1      16       212       196   783.939       784   0.0329595   0.0771721
    2      16       421       405   809.929       836   0.0694647   0.0763322
    3      16       529       513   683.938       432    0.308151   0.0927784
    4      16       580       564   563.949       204    0.354045    0.113293
    5      16       628       612   489.555       192    0.304681    0.129579
    6      16       676       660   439.957       192    0.227425    0.141504
    7      16       724       708   404.533       192    0.300932    0.153932
    8      16       773       757   378.465       196    0.319534    0.165176
    9      16       821       805   357.745       192    0.404299    0.174127
   10      16       875       859   343.569       216    0.283557    0.185083
   11      16       909       893   324.698       136    0.143988    0.192158
   12      16       968       952   317.303       236    0.339742    0.199276
   13      16      1022      1006   309.509       216    0.279376    0.204397
   14      16      1071      1055     301.4       196   0.0742555    0.209683
   15      16      1120      1104   294.373       196    0.366612    0.214733
   16      16      1168      1152   287.973       192    0.349849    0.220133
   17      16      1200      1184   278.562       128    0.457596    0.225215
   18      16      1231      1215   269.975       124     0.47086    0.231189
   19      16      1264      1248   262.713       132      0.1568    0.238166
2026-05-21T16:53:58.353279+0000 min lat: 0.0288986 max lat: 0.902261 avg lat: 0.247385
  sec Cur ops   started  finished  avg MB/s  cur MB/s last lat(s)  avg lat(s)
   20      16      1296      1280   255.977       128    0.559574    0.247385
   21      16      1315      1299   247.406        76    0.661414    0.252502
   22      16      1344      1328   241.433       116    0.591329    0.260268
   23      16      1376      1360     236.5       128     0.66305     0.26835
   24      16      1392      1376   229.312        64    0.643613    0.272692
   25      16      1423      1407   225.099       124    0.784579    0.281827
   26      16      1439      1423   218.903        64    0.742325     0.28749
   27      16      1455      1439   213.166        64    0.670966    0.291792
   28      16      1487      1471   210.124       128    0.746178     0.30239
   29      16      1502      1486   204.947        60    0.773284    0.307136
   30      16      1519      1503   200.382        68     1.27403     0.31469
   31      16      1551      1535   198.046       128    0.347295    0.322615
   32      16      1566      1550   193.732        60    0.971402    0.328813
   33      16      1582      1566   189.801        64    0.912485    0.335246
   34      16      1598      1582   186.101        64    0.733243    0.339374
   35      16      1613      1597   182.498        60    0.805478    0.343757
   36      16      1629      1613   179.206        64      0.7956     0.34873
   37      16      1660      1644   177.713       124    0.737725    0.358718
   38      16      1674      1658    174.51        56    0.905017    0.363338
   39      16      1690      1674   171.676        64    0.722704     0.36784
2026-05-21T16:54:18.355214+0000 min lat: 0.0288986 max lat: 1.69081 avg lat: 0.372075
  sec Cur ops   started  finished  avg MB/s  cur MB/s last lat(s)  avg lat(s)
   40      16      1705      1689   168.884        60    0.853594    0.372075
   41      16      1721      1705   166.326        64    0.855553    0.377066
   42      16      1737      1721   163.889        64     1.21378     0.38483
   43      16      1753      1737   161.566        64     1.29692     0.39323
   44      16      1753      1737   157.894         0           -     0.39323
   45      16      1769      1753   155.807        32     1.46114    0.402753
   46      16      1785      1769   153.811        64     1.64937    0.414224
   47      16      1801      1785     151.9        64    0.916792    0.418685
   48      16      1817      1801   150.069        64    0.905981    0.422964
   49      16      1833      1817   148.312        64    0.850692    0.426724
   50      16      1849      1833   146.626        64     1.41882    0.435442
   51      16      1849      1833   143.751         0           -    0.435442
   52      16      1864      1848    142.14        30     1.47087    0.443857
   53      16      1880      1864   140.666        64      1.2968    0.451819
   54      16      1896      1880   139.246        64    0.927469    0.455935
   55      16      1912      1896   137.878        64    0.862619    0.459379
   56      16      1928      1912   136.558        64    0.780006    0.462111
   57      16      1943      1927   135.215        60    0.942807    0.465867
   58      16      1959      1943   133.987        64     1.47089    0.474608
   59      16      1959      1943   131.716         0           -    0.474608
2026-05-21T16:54:38.357256+0000 min lat: 0.0288986 max lat: 2.49541 avg lat: 0.484139
  sec Cur ops   started  finished  avg MB/s  cur MB/s last lat(s)  avg lat(s)
   60      16      1975      1959   130.587        32     1.64651    0.484139
   61      16      1975      1959   128.447         0           -    0.484139
Total time run:         61.0346
Total writes made:      1975
Write size:             4194304
Object size:            4194304
Bandwidth (MB/sec):     129.435
Stddev Bandwidth:       147.286
Max bandwidth (MB/sec): 836
Min bandwidth (MB/sec): 0
Average IOPS:           32
Stddev IOPS:            36.8271
Max IOPS:               209
Min IOPS:               0
Average Latency(s):     0.494422
Stddev Latency(s):      0.408851
Max latency(s):         2.49541
Min latency(s):         0.0288986
