hints = 1
Maintaining 16 concurrent writes of 4194304 bytes to objects of size 4194304 for up to 60 seconds or 0 objects
Object prefix: benchmark_data_node4.okd.sudops.pl_5593
  sec Cur ops   started  finished  avg MB/s  cur MB/s last lat(s)  avg lat(s)
    0       0         0         0         0         0           -           0
    1      16       220       204   815.923       816   0.0567659   0.0746083
    2      16       437       421   841.919       868     0.11462   0.0742726
    3      16       540       524     698.6       412   0.0629401   0.0853631
    4      16       572       556   555.948       128    0.382748    0.102676
    5      16       589       573   458.358        68    0.831663    0.117877
    6      16       610       594   395.965        84    0.582428    0.147627
    7      16       627       611   349.111        68    0.196348    0.165115
    8      16       658       642   320.971       124    0.730944    0.193052
    9      16       674       658   292.418        64    0.715905    0.206842
   10      16       700       684   273.574       104    0.734834    0.228048
   11      16       716       700   254.521        64    0.767702    0.243674
   12      16       732       716   238.643        64    0.780357     0.25556
   13      16       763       747   229.823       124    0.779101    0.272933
   14      16       779       763   217.978        64    0.753037    0.283985
   15      16       795       779   207.713        64     1.45093    0.294261
   16      16       826       810    202.48       124    0.797605    0.312137
   17      16       841       825   194.099        60    0.781209    0.320707
   18      16       857       841   186.871        64    0.754161    0.329866
   19      16       873       857   180.403        64     1.43848    0.339935
2026-05-21T17:09:15.856286+0000 min lat: 0.0261208 max lat: 1.52521 avg lat: 0.358767
  sec Cur ops   started  finished  avg MB/s  cur MB/s last lat(s)  avg lat(s)
   20      16       904       888   177.582       124    0.882603    0.358767
   21      16       920       904   172.173        64    0.983749    0.369956
   22      16       936       920   167.256        64    0.958837     0.38014
   23      16       952       936   162.766        64    0.978297    0.390368
   24      16       968       952   158.651        64     1.04518     0.40129
   25      16       968       952   152.305         0           -     0.40129
   26      16       984       968   148.908        32     1.24823    0.415092
   27      16      1000       984   145.763        64     1.38361    0.430761
   28      16      1016      1000   142.843        64     1.01081    0.439951
   29      16      1033      1017   140.262        68    0.221093    0.446895
   30      16      1049      1033   137.719        64     0.94212    0.454157
   31      16      1066      1050    135.47        68    0.144428    0.461552
   32      16      1082      1066   133.237        64    0.927479    0.468472
   33      16      1113      1097   132.957       124    0.894117    0.480431
   34      16      1130      1114   131.046        68    0.100616    0.487171
   35      16      1147      1131   129.244        68    0.205786     0.49493
   36      16      1163      1147   127.432        64    0.981092    0.501816
   37      16      1179      1163   125.717        64    0.905317    0.507286
   38      16      1195      1179   124.093        64    0.991152    0.513807
   39      16      1211      1195   122.552        64     0.97807    0.519137
2026-05-21T17:09:35.858148+0000 min lat: 0.0261208 max lat: 1.73507 avg lat: 0.525227
  sec Cur ops   started  finished  avg MB/s  cur MB/s last lat(s)  avg lat(s)
   40      16      1227      1211   121.088        64    0.913805    0.525227
   41      16      1242      1226   119.598        60    0.960217     0.53047
   42      16      1259      1243    118.37        68      1.2455    0.539182
   43      16      1275      1259   117.105        64    0.990755    0.544738
   44      16      1291      1275   115.898        64    0.974918    0.549848
   45      16      1307      1291   114.745        64      1.0048     0.55521
   46      16      1323      1307   113.641        64    0.984675    0.560964
   47      16      1324      1308   111.308         4    0.990215    0.561292
   48      16      1337      1321   110.073        52     1.50737    0.570545
   49      16      1357      1341   109.459        80    0.338677    0.576799
   50      16      1373      1357    108.55        64    0.958244     0.58134
   51      16      1392      1376   107.911        76    0.359119    0.591088
   52      16      1408      1392   107.067        64     1.02524    0.595929
   53      16      1424      1408   106.254        64    0.937277     0.59974
   54      16      1440      1424   105.471        64    0.994798    0.604103
   55      16      1456      1440   104.717        64    0.959415    0.607712
   56      16      1472      1456    103.99        64    0.992137    0.612085
   57      16      1487      1471   103.218        60    0.954802    0.615552
   58      16      1503      1487   102.542        64     0.96893    0.619922
   59      16      1519      1503   101.888        64    0.929142    0.623204
2026-05-21T17:09:55.860067+0000 min lat: 0.0261208 max lat: 2.17921 avg lat: 0.627007
  sec Cur ops   started  finished  avg MB/s  cur MB/s last lat(s)  avg lat(s)
   60      16      1536      1520   101.324        68     1.04906    0.627007
Total time run:         60.548
Total writes made:      1536
Write size:             4194304
Object size:            4194304
Bandwidth (MB/sec):     101.473
Stddev Bandwidth:       147.597
Max bandwidth (MB/sec): 868
Min bandwidth (MB/sec): 0
Average IOPS:           25
Stddev IOPS:            36.8992
Max IOPS:               217
Min IOPS:               0
Average Latency(s):     0.630696
Stddev Latency(s):      0.437072
Max latency(s):         2.17921
Min latency(s):         0.0261208
